0 89879
1 80119
2 50290
3 9297
4 30571
5 7414
6 30978
7 16408
8 80109
9 55736
10 15357
11 80887
12 35014
13 16523
14 50286
15 34813
16 77562
17 54746
18 22680
19 19705
20 77000
21 27634
22 21008
23 64994
24 66109
25 37855
26 36383
27 68548
28 96070
29 83051
30 58026
31 44726
32 35748
33 61287
34 559
35 81318
36 50443
37 1570
38 75244
39 56265
40 17694
41 48033
42 56523
43 51253
44 85750
45 42760
46 11877
47 15962
48 75494
49 87283
50 40396
51 49574
52 82682
53 63579
54 37278
55 53548
56 66081
57 67753
58 56337
59 3356
60 94525
61 89574
62 4413
63 82294
64 56060
65 95493
66 80865
67 66242
68 16065
69 62145
70 23147
71 83763
72 62381
73 76841
74 91706
75 9268
76 64814
77 80809
78 14039
79 73355
80 81905
81 36402
82 27221
83 79607
84 91763
85 11631
86 76396
87 69905
88 11073
89 71281
90 54345
91 19047
92 34376
93 3193
94 74258
95 62712
96 1823
97 21232
98 87890
99 21545
100 37136
101 23060
102 5385
103 4620
104 39111
105 35914
106 60310
107 19178
108 44671
109 45736
110 9216
111 12585
112 11302
113 33096
114 13967
115 57004
116 64196
117 73929
118 24800
119 25081
120 90033
121 45919
122 54827
123 73950
124 56978
125 8133
126 61900
127 47769
128 631
129 2284
130 60074
131 35959
132 57158
133 90990
134 27935
135 99927
136 41785
137 32660
138 4328
139 42067
140 8743
141 38613
142 21100
143 77864
144 6523
145 6927
146 82930
147 35846
148 31785
149 41846
150 72387
151 59334
152 65520
153 93781
154 55840
155 80842
156 59022
157 23298
158 27709
159 96791
160 75635
161 52899
162 66831
163 peak.html
164 72758
165 71301
166 55577
167 88786
168 32293
169 87798
170 24838
171 66137
172 88016
173 36876
174 33179
175 90231
176 17825
177 84361
178 99222
179 87348
180 47100
181 90650
182 84369
183 36116
184 96544
185 62892
186 43790
187 67652
188 32839
189 5353
190 63153
191 48029
192 84141
193 14662
194 78566
195 18131
196 710
197 67500
198 34992
199 64568
200 8155
201 30579
202 11629
203 32490
204 47936
205 51350
206 51877
207 38270
208 41643
209 23416
210 54432
211 4448
212 30086
213 93346
214 53491
215 31248
216 37446
217 11309
218 13878
219 31404
220 27786
221 16030
222 4689
223 16553
224 98150
225 19224
226 71919
227 53068
228 71407
229 54264
230 33407
231 11086
232 72527
233 92923
234 93389
235 94438
236 88796
237 90785
238 73079
239 75559
240 53223
241 75979
242 55749
243 52948
244 71569
245 10240
246 3064
247 29818
248 88835
249 38200
250 32515
251 43551
252 1398
253 23580
254 31619
255 83052
256 37409
257 85052
258 13510
259 43240
260 5868
261 19337
262 21122
263 92118
264 44659
265 60291
266 29895
267 98452
268 42243
269 25755
270 28879
271 37149
272 17033
273 543
274 82304
275 80616
276 36217
277 16201
278 33304
279 20091
280 93295
281 75485
282 1765
283 76626
284 92820
285 52222
286 2892
287 65776
288 817
289 2025
290 94455
291 47579
292 56908
293 39768
294 76810
295 36875
296 97644
297 84602
298 86446
299 71359
300 33883
301 70553
302 98832
303 60599
304 17342
305 74423
306 41609
307 54377
308 33490
309 35815
310 59166
311 11441
312 94796
313 68509
314 45872
315 81664
316 94537
317 36571
318 52815
319 54533
320 74595
321 55654
322 48550
323 56044
324 25536
325 30479
326 77512
327 94866
328 26746
329 44833
330 96169
331 73807
332 65481
333 28520
334 71069
335 40951
336 72828
337 80158
338 22504
339 69881
340 15695
341 49718
342 64436
343 27671
344 44306
345 59668
346 52257
347 7219
348 36882
349 48246
350 10907
351 57291
352 15565
353 40253
354 57887
355 75107
356 4757
357 3219
358 84631
359 75550
360 30793
361 30982
362 4391
363 86607
364 41433
365 97107
366 89858
367 186
368 37842
369 2777
370 44508
371 48314
372 48355
373 67280
374 852
375 6756
376 93964
377 51422
378 82972
379 20192
380 12568
381 33780
382 28995
383 94122
384 13677
385 78020
386 50718
387 3014
388 87513
389 60592
390 16613
391 48784
392 91727
393 81823
394 92306
395 82052
396 99401
397 2228
398 69304
399 36845
