0 44827
1 45439
2 94485
3 72198
4 80992
5 8880
6 40961
7 58765
8 46561
9 13418
10 41954
11 46782
12 92730
13 89229
14 25646
15 74288
16 25945
17 39876
18 8498
19 34684
20 62316
21 71331
22 59717
23 76893
24 44091
25 73241
26 19242
27 17476
28 39566
29 81293
30 25857
31 74343
32 39410
33 5505
34 27104
35 54003
36 23501
37 21110
38 88399
39 49740
40 31552
41 39998
42 19755
43 64624
44 37817
45 43427
46 15115
47 44327
48 7715
49 15248
50 61895
51 54759
52 54270
53 51332
54 63481
55 12362
56 94476
57 87810
58 6027
59 47551
60 79498
61 81226
62 4256
63 62734
64 25666
65 14781
66 21412
67 55205
68 65516
69 53535
70 4437
71 43442
72 91308
73 1312
74 36268
75 34289
76 46384
77 18097
78 9401
79 54249
80 29247
81 13115
82 23053
83 3875
84 16044
85 going.
86 72758
87 71301
88 55577
89 88786
90 32293
91 87798
92 24838
93 66137
94 88016
95 36876
96 33179
97 90231
98 17825
99 84361
100 99222
101 87348
102 47100
103 90650
104 84369
105 36116
106 96544
107 62892
108 43790
109 67652
110 32839
111 5353
112 63153
113 48029
114 84141
115 14662
116 78566
117 18131
118 710
119 67500
120 34992
121 64568
122 8155
123 30579
124 11629
125 32490
126 47936
127 51350
128 51877
129 38270
130 41643
131 23416
132 54432
133 4448
134 30086
135 93346
136 53491
137 31248
138 37446
139 11309
140 13878
141 31404
142 27786
143 16030
144 4689
145 16553
146 98150
147 19224
148 71919
149 53068
150 71407
151 54264
152 33407
153 11086
154 72527
155 92923
156 93389
157 94438
158 88796
159 90785
160 73079
161 75559
162 53223
163 75979
164 55749
165 52948
166 71569
167 10240
168 3064
169 29818
170 88835
171 38200
172 32515
173 43551
174 1398
175 23580
176 31619
177 83052
178 37409
179 85052
180 13510
181 43240
182 5868
183 19337
184 21122
185 92118
186 44659
187 60291
188 29895
189 98452
190 42243
191 25755
192 28879
193 37149
194 17033
195 543
196 82304
197 80616
198 36217
199 16201
200 33304
201 20091
202 93295
203 75485
204 1765
205 76626
206 92820
207 52222
208 2892
209 65776
210 817
211 2025
212 94455
213 47579
214 56908
215 39768
216 76810
217 36875
218 97644
219 84602
220 86446
221 71359
222 33883
223 70553
224 98832
225 60599
226 17342
227 74423
228 41609
229 54377
230 33490
231 35815
232 59166
233 11441
234 94796
235 68509
236 45872
237 81664
238 94537
239 36571
240 52815
241 54533
242 74595
243 55654
244 48550
245 56044
246 25536
247 30479
248 77512
249 94866
250 26746
251 44833
252 96169
253 73807
254 65481
255 28520
256 71069
257 40951
258 72828
259 80158
260 22504
261 69881
262 15695
263 49718
264 64436
265 27671
266 44306
267 59668
268 52257
269 7219
270 36882
271 48246
272 10907
273 57291
274 15565
275 40253
276 57887
277 75107
278 4757
279 3219
280 84631
281 75550
282 30793
283 30982
284 4391
285 86607
286 41433
287 97107
288 89858
289 186
290 37842
291 2777
292 44508
293 48314
294 48355
295 67280
296 852
297 6756
298 93964
299 51422
300 82972
301 20192
302 12568
303 33780
304 28995
305 94122
306 13677
307 78020
308 50718
309 3014
310 87513
311 60592
312 16613
313 48784
314 91727
315 81823
316 92306
317 82052
318 99401
319 2228
320 69304
321 36845
322 72224
323 84132
324 92376
325 40503
326 67329
327 56881
328 72156
329 46463
330 62058
331 54696
332 65731
333 38290
334 57913
335 6309
336 73902
337 19934
338 16055
339 50563
340 47825
341 73265
342 90961
343 29740
344 43628
345 11088
346 93781
347 55840
348 80842
349 59022
350 23298
351 27709
352 96791
353 75635
354 52899
355 66831
356 peak.html
357 72758
358 71301
359 55577
360 88786
361 32293
362 87798
363 24838
364 66137
365 88016
366 36876
367 33179
368 90231
369 17825
370 84361
371 99222
372 87348
373 47100
374 90650
375 84369
376 36116
377 96544
378 62892
379 43790
380 67652
381 32839
382 5353
383 63153
384 48029
385 84141
386 14662
387 78566
388 18131
389 710
390 67500
391 34992
392 64568
393 8155
394 30579
395 11629
396 32490
397 47936
398 51350
399 51877
